-1,0,8.74228e-08,0,0,1,0,0,-8.74228e-08,0,-1,0,1.04,0,1,1|
-0.999142,0,0.0415809,0,0,1,0,0,-0.0415809,0,-0.999142,0,2.77221,0,0.927046,1|
-0.999142,0,0.0415809,0,0,1,0,0,-0.0415809,0,-0.999142,0,6.2692,0,0.781515,1|
-0.994852,0,0.101419,0,0,1,0,0,-0.101419,0,-0.994852,0,10.6091,0,0.845401,1|
-0.994852,0,0.101419,0,0,1,0,0,-0.101419,0,-0.994852,0,14.3897,0,0.460015,1|
-0.992625,0,0.121294,0,0,1,0,0,-0.121294,0,-0.992625,0,20.9898,0,0.463796,1|
0.0875002,0,-0.996174,0,0,1,0,0,0.996174,0,0.0875002,0,22.8955,0,0.230912,1|